матриця індексів узгодження C
0.000 0.493 0.648 0.915 0.465 0.789 0.662 0.831 0.746 0.662 0.789 0.789 0.676 0.690 0.845 
0.507 0.000 0.507 0.690 0.507 0.549 0.648 0.606 0.535 0.592 0.563 0.690 0.662 0.465 0.718 
0.592 0.563 0.000 0.789 0.451 0.746 0.507 0.746 0.676 0.479 0.690 0.704 0.451 0.676 0.845 
0.211 0.310 0.310 0.000 0.239 0.338 0.451 0.324 0.451 0.366 0.338 0.352 0.437 0.296 0.423 
0.704 0.761 0.676 0.944 0.000 0.620 0.662 0.831 0.704 0.620 0.775 0.648 0.690 0.549 0.704 
0.465 0.549 0.549 0.662 0.380 0.000 0.634 0.662 0.746 0.479 0.676 0.634 0.493 0.507 0.732 
0.479 0.437 0.493 0.606 0.338 0.366 0.000 0.620 0.606 0.648 0.549 0.451 0.606 0.451 0.634 
0.352 0.394 0.254 0.746 0.451 0.423 0.380 0.000 0.549 0.310 0.521 0.423 0.507 0.394 0.704 
0.324 0.577 0.423 0.648 0.366 0.366 0.549 0.521 0.000 0.479 0.549 0.620 0.394 0.352 0.507 
0.493 0.521 0.620 0.859 0.493 0.521 0.620 0.690 0.592 0.000 0.648 0.535 0.577 0.592 0.690 
0.324 0.437 0.479 0.831 0.451 0.394 0.549 0.732 0.451 0.535 0.000 0.423 0.507 0.437 0.535 
0.310 0.366 0.380 0.817 0.451 0.366 0.620 0.662 0.592 0.465 0.648 0.000 0.577 0.535 0.606 
0.451 0.423 0.549 0.761 0.408 0.676 0.479 0.493 0.690 0.479 0.493 0.606 0.000 0.535 0.690 
0.479 0.535 0.563 0.915 0.451 0.662 0.549 0.690 0.746 0.563 0.634 0.704 0.465 0.000 0.732 
0.239 0.282 0.155 0.676 0.394 0.352 0.366 0.535 0.563 0.380 0.465 0.394 0.310 0.268 0.000 
матриця індексів неузгодження D
1.000 0.500 0.333 0.143 0.389 0.714 0.444 0.286 0.397 0.347 0.476 0.571 0.400 0.444 0.595 
0.778 1.000 0.778 0.222 0.544 0.778 0.583 0.333 0.444 0.444 0.333 0.544 0.889 0.778 0.556 
0.625 0.486 1.000 0.222 0.486 0.375 0.556 0.357 0.444 0.556 0.357 0.625 0.311 0.508 0.429 
0.556 0.556 0.556 1.000 0.533 0.556 0.778 0.267 0.333 0.556 0.267 0.389 0.667 0.556 0.333 
0.444 0.667 0.444 0.111 1.000 0.444 0.278 0.381 0.311 0.444 0.444 0.200 0.556 0.444 0.222 
0.556 0.778 0.667 0.347 0.778 1.000 1.000 0.556 0.333 0.778 0.556 0.444 0.389 0.417 0.347 
0.889 0.400 0.889 0.333 0.544 0.889 1.000 0.444 0.556 0.556 0.444 0.556 1.000 0.889 0.667 
0.444 0.500 0.444 0.222 0.778 0.444 0.444 1.000 0.467 0.486 0.476 0.333 0.622 0.544 0.389 
0.500 0.778 0.533 0.417 0.778 0.333 1.000 0.556 1.000 0.778 0.556 0.486 0.467 0.389 0.333 
0.889 0.333 0.889 0.333 0.533 0.889 0.417 0.444 0.556 1.000 0.444 0.556 1.000 0.889 0.667 
0.444 0.486 0.467 0.159 0.681 0.444 0.556 0.370 0.389 0.556 1.000 0.267 0.556 0.467 0.222 
0.500 0.500 0.444 0.667 0.583 0.333 0.556 0.417 0.444 0.486 0.556 1.000 0.467 0.389 0.333 
0.583 0.583 0.667 0.463 0.750 0.778 0.556 0.347 0.667 0.417 0.486 0.536 1.000 0.556 0.556 
0.486 0.556 0.444 0.286 0.556 0.375 0.778 0.333 0.111 0.556 0.333 0.486 0.233 1.000 0.333 
0.622 0.556 0.400 0.333 0.875 0.467 0.681 0.389 0.778 0.625 0.486 0.778 0.700 0.622 1.000 
Значення порогів для індексів узгодження та неузгодження c, d
0.788 0.496
Відношення для порогових значень c, d:
 0  0  0  1  0  0  0  1  0  0  1  0  0  0  0 
 0  0  0  0  0  0  0  0  0  0  0  0  0  0  0 
 0  0  0  1  0  0  0  0  0  0  0  0  0  0  1 
 0  0  0  0  0  0  0  0  0  0  0  0  0  0  0 
 0  0  0  1  0  0  0  1  0  0  0  0  0  0  0 
 0  0  0  0  0  0  0  0  0  0  0  0  0  0  0 
 0  0  0  0  0  0  0  0  0  0  0  0  0  0  0 
 0  0  0  0  0  0  0  0  0  0  0  0  0  0  0 
 0  0  0  0  0  0  0  0  0  0  0  0  0  0  0 
 0  0  0  1  0  0  0  0  0  0  0  0  0  0  0 
 0  0  0  1  0  0  0  0  0  0  0  0  0  0  0 
 0  0  0  0  0  0  0  0  0  0  0  0  0  0  0 
 0  0  0  0  0  0  0  0  0  0  0  0  0  0  0 
 0  0  0  1  0  0  0  0  0  0  0  0  0  0  0 
 0  0  0  0  0  0  0  0  0  0  0  0  0  0  0 
Ядро відношення:
1 2 3 5 6 7 9 10 12 13 14
