Relation #1
1 0 1 0 0 0 0 0 0 0 0 0 0 0 0 0 0 0 0 0 
1 1 1 0 0 0 0 0 0 0 0 0 0 0 0 0 0 0 0 0 
0 0 1 0 0 0 0 0 0 0 0 0 0 0 0 0 0 0 0 0 
0 0 1 1 0 0 1 1 0 0 0 0 0 0 0 0 0 0 0 0 
0 0 1 1 1 1 1 1 1 1 0 0 1 1 1 1 0 0 1 0 
0 0 0 0 0 1 1 1 0 0 0 0 0 0 1 1 0 0 0 0 
0 0 0 0 0 0 1 1 0 0 0 0 0 0 0 0 0 0 0 0 
0 0 0 0 0 0 0 1 0 0 0 0 0 0 0 0 0 0 0 0 
0 0 0 0 0 1 1 1 1 1 0 0 1 1 1 1 0 0 1 0 
0 0 0 0 0 0 0 0 0 1 0 0 1 1 1 1 0 0 1 0 
1 0 1 0 0 0 1 1 0 1 1 0 1 1 1 1 0 0 1 0 
1 0 1 0 0 1 1 1 0 1 1 1 1 1 1 1 0 0 1 0 
0 0 0 0 0 0 0 0 0 0 0 0 1 1 1 1 0 0 0 0 
0 0 0 0 0 0 0 0 0 0 0 0 0 1 1 1 0 0 0 0 
0 0 0 0 0 0 0 0 0 0 0 0 0 0 1 1 0 0 0 0 
0 0 0 0 0 0 0 0 0 0 0 0 0 0 0 1 0 0 0 0 
0 0 0 0 0 0 0 1 0 0 0 0 1 1 1 1 1 1 1 0 
0 0 0 0 0 0 0 0 0 0 0 0 0 0 1 1 0 1 1 0 
0 0 0 0 0 0 0 0 0 0 0 0 0 0 1 1 0 0 1 0 
0 0 0 0 0 0 0 0 0 0 0 0 1 1 1 1 0 0 1 1 

Relation #1 has a cycle. k-optimization will be used.
k1
k1 max elements: {1, 4, 11, 16, 19}
k1 opt elements: {1, 4, 11, 16, 19}

k2
k2 max elements: set()
k2 opt elements: set()

k3
k3 max elements: set()
k3 opt elements: set()

k4
k4 max elements: set()
k4 opt elements: set()

Relation #2
0 0 1 0 0 1 1 1 1 1 0 0 1 1 1 1 0 1 1 1 
1 0 1 0 0 1 1 1 1 1 0 0 1 1 1 1 0 1 1 1 
0 0 0 0 0 1 1 1 0 1 0 0 1 1 1 1 0 1 1 0 
1 1 1 0 0 1 1 1 1 1 1 0 1 1 1 1 1 1 1 1 
1 1 1 1 0 1 1 1 1 1 1 0 1 1 1 1 1 1 1 1 
0 0 0 0 0 0 1 1 0 0 0 0 1 1 1 1 0 1 1 0 
0 0 0 0 0 0 0 1 0 0 0 0 1 1 1 1 0 1 1 0 
0 0 0 0 0 0 0 0 0 0 0 0 0 0 1 1 0 0 0 0 
0 0 1 0 0 1 1 1 0 1 0 0 1 1 1 1 0 1 1 0 
0 0 0 0 0 0 1 1 0 0 0 0 1 1 1 1 0 0 1 0 
1 0 1 0 0 1 1 1 1 1 0 0 1 1 1 1 0 1 1 1 
1 1 1 1 0 1 1 1 1 1 1 0 1 1 1 1 1 1 1 1 
0 0 0 0 0 0 0 1 0 0 0 0 0 1 1 1 0 0 0 0 
0 0 0 0 0 0 0 1 0 0 0 0 0 0 1 1 0 0 0 0 
0 0 0 0 0 0 0 0 0 0 0 0 0 0 0 1 0 0 0 0 
0 0 0 0 0 0 0 0 0 0 0 0 0 0 0 0 0 0 0 0 
1 1 1 0 0 1 1 1 1 1 0 0 1 1 1 1 0 1 1 1 
0 0 0 0 0 0 0 1 0 1 0 0 1 1 1 1 0 0 1 0 
0 0 0 0 0 0 0 1 0 0 0 0 1 1 1 1 0 0 0 0 
0 0 1 0 0 1 1 1 1 1 0 0 1 1 1 1 0 1 1 0 

Relation #2 has a cycle. k-optimization will be used.
k1
k1 max elements: {11, 4}
k1 opt elements: {11, 4}

k2
k2 max elements: {11, 4}
k2 opt elements: {11, 4}

k3
k3 max elements: {11, 4}
k3 opt elements: set()

k4
k4 max elements: {11, 4}
k4 opt elements: set()

Relation #3
0 0 1 0 0 1 1 1 1 1 0 0 1 1 1 1 0 1 1 1 
1 0 1 0 0 1 1 1 1 1 1 1 1 1 1 1 0 1 1 1 
0 0 0 0 0 1 1 1 1 1 0 0 1 1 1 1 0 1 1 1 
1 1 1 0 0 1 1 1 1 1 1 1 1 1 1 1 1 1 1 1 
1 1 1 1 0 1 1 1 1 1 1 1 1 1 1 1 1 1 1 1 
0 0 0 0 0 0 1 1 0 0 0 0 0 0 1 1 0 1 1 0 
0 0 0 0 0 0 0 1 0 0 0 0 0 0 1 1 0 1 1 0 
0 0 0 0 0 0 0 0 0 0 0 0 0 0 1 1 0 1 1 0 
0 0 0 0 0 1 1 1 0 1 0 0 1 1 1 1 0 1 1 0 
0 0 0 0 0 1 1 1 0 0 0 0 1 1 1 1 0 1 1 0 
1 0 1 0 0 1 1 1 1 1 0 0 1 1 1 1 0 1 1 1 
1 0 1 0 0 1 1 1 1 1 1 0 1 1 1 1 0 1 1 1 
0 0 0 0 0 1 1 1 0 0 0 0 0 1 1 1 0 1 1 0 
0 0 0 0 0 1 1 1 0 0 0 0 0 0 1 1 0 1 1 0 
0 0 0 0 0 0 0 0 0 0 0 0 0 0 0 1 0 0 0 0 
0 0 0 0 0 0 0 0 0 0 0 0 0 0 0 0 0 0 0 0 
1 1 1 0 0 1 1 1 1 1 1 1 1 1 1 1 0 1 1 1 
0 0 0 0 0 0 0 0 0 0 0 0 0 0 1 1 0 0 1 0 
0 0 0 0 0 0 0 0 0 0 0 0 0 0 1 1 0 0 0 0 
0 0 0 0 0 1 1 1 1 1 0 0 1 1 1 1 0 1 1 0 

Relation #3 is acyclic. Neumann-Morgenstern optimization will be used.
Neumann-Morgenstern solution: {4}
Internal stability: True
External stability: True

Relation #4
0 0 1 0 0 0 1 1 0 0 0 0 0 0 0 0 0 0 0 0 
1 0 1 0 0 0 1 1 0 0 0 0 0 0 0 0 0 0 0 0 
0 0 0 0 0 0 0 0 0 0 0 0 0 0 0 0 0 0 0 0 
0 0 1 0 0 0 1 1 0 0 0 0 0 0 0 0 0 0 0 0 
0 0 1 1 0 1 1 1 1 1 0 0 1 1 1 1 0 1 1 0 
0 0 0 0 0 0 1 1 0 0 0 0 0 0 1 1 0 0 1 0 
0 0 0 0 0 0 0 1 0 0 0 0 0 0 0 0 0 0 0 0 
0 0 0 0 0 0 0 0 0 0 0 0 0 0 0 0 0 0 0 0 
0 0 0 0 0 1 1 1 0 1 0 0 1 1 1 1 0 0 1 0 
0 0 0 0 0 0 0 0 0 0 0 0 1 1 1 1 0 0 1 0 
1 0 1 0 0 0 1 1 0 1 0 0 1 1 1 1 0 1 1 0 
1 0 1 0 0 1 1 1 0 1 1 0 1 1 1 1 0 1 1 0 
0 0 0 0 0 0 0 0 0 0 0 0 0 1 1 1 0 0 0 0 
0 0 0 0 0 0 0 0 0 0 0 0 0 0 1 1 0 0 0 0 
0 0 0 0 0 0 0 0 0 0 0 0 0 0 0 1 0 0 0 0 
0 0 0 0 0 0 0 0 0 0 0 0 0 0 0 0 0 0 0 0 
1 0 1 0 0 1 1 1 1 1 0 0 1 1 1 1 0 1 1 1 
0 0 0 0 0 0 0 0 0 0 0 0 0 0 1 1 0 0 1 0 
0 0 0 0 0 0 0 0 0 0 0 0 0 0 1 1 0 0 0 0 
0 0 0 0 0 0 0 0 0 0 0 0 1 1 1 1 0 0 1 0 

Relation #4 is acyclic. Neumann-Morgenstern optimization will be used.
Neumann-Morgenstern solution: {16, 1, 11, 4}
Internal stability: True
External stability: True

Relation #5
1 0 1 0 0 1 1 1 1 1 0 0 1 1 1 1 0 1 1 1 
1 1 1 0 0 1 1 1 1 1 0 0 1 1 1 1 0 1 1 1 
0 0 1 0 0 1 1 1 0 1 0 0 1 1 1 1 0 1 1 0 
0 0 1 1 0 1 1 1 0 1 0 0 1 1 1 1 0 1 1 1 
1 1 1 1 1 1 1 1 1 1 1 0 1 1 1 1 1 1 1 1 
0 0 0 0 0 1 1 1 0 1 0 0 1 1 1 1 0 0 1 0 
0 0 0 0 0 0 1 1 0 0 0 0 1 1 1 1 0 0 0 0 
0 0 0 0 0 0 0 1 0 0 0 0 0 0 0 1 0 0 0 0 
0 0 0 0 0 1 1 1 1 1 0 0 1 1 1 1 0 0 1 0 
0 0 0 0 0 0 0 1 0 1 0 0 1 1 1 1 0 0 1 0 
1 1 1 0 0 1 1 1 1 1 1 0 1 1 1 1 1 1 1 1 
1 1 1 1 0 1 1 1 1 1 1 1 1 1 1 1 1 1 1 1 
0 0 0 0 0 0 0 0 0 0 0 0 1 1 1 1 0 0 0 0 
0 0 0 0 0 0 0 0 0 0 0 0 0 1 1 1 0 0 0 0 
0 0 0 0 0 0 0 0 0 0 0 0 0 0 1 1 0 0 0 0 
0 0 0 0 0 0 0 0 0 0 0 0 0 0 0 1 0 0 0 0 
1 0 1 0 0 1 1 1 1 1 0 0 1 1 1 1 1 1 1 1 
0 0 0 0 0 0 1 1 0 0 0 0 1 1 1 1 0 1 1 0 
0 0 0 0 0 0 0 0 0 0 0 0 0 1 1 1 0 0 1 0 
0 0 0 0 0 1 1 1 0 1 0 0 1 1 1 1 0 0 1 1 

Relation #5 has a cycle. k-optimization will be used.
k1
k1 max elements: {11, 4}
k1 opt elements: {11, 4}

k2
k2 max elements: set()
k2 opt elements: set()

k3
k3 max elements: set()
k3 opt elements: set()

k4
k4 max elements: {11, 4}
k4 opt elements: set()

