 4  6  9  4  6  5  7 10  6  8  8  9 
 4  6  9  4  6  6  7 10  6  9  8  9 
 2  6  9  4  6  5  6 10  1  5  8  6 
 2  8 10  9  6  8  6 10  7 10  8  8 
10  8 10  9  7  8  6 10  7 10  8  8 
 6  6  3  6  7  1  3  5  7  5  2  5 
 2  6  2  6  6  1  2  5  6  1  2  5 
 2  2  2  6  2  1  2  4  6  1  2  2 
 6  8  4  8  7  3  5  5  7  6  5  8 
 6  4  4  7  3  3  5  1  3  5  3  2 
 7  6  9 10  6  5  7 10  6  8  8  9 
 7  6  9 10  9  5  7 10 10  8  8  9 
 6  2  4  2  3  3  1  1  2  4  3  2 
 6  1  3  2  3  3  1  1  2  4  3  2 
 6  1  3  2  3  1  1  1  2  4  2  2 
 6  1  3  2  3  1  1  1  2  2  2  1 
10 10  6  6  4  7  7  5  8  8  9  5 
 6  4  6  5  4  1  1  5  3  8  9  5 
 6  4  4  3  3  1  1  1  3  5  3  2 
 6 10  8  9  3  3  1  8  3  7  9  6 
Відношення строгого порядку на мн-ні критеріїв
(впорядкування за спаданням важливості):
k6>k4>k10>k2>k11>k3>k8>k12>k1>k5>k9>k7
Відношення квазіпорядку на мн-ні критеріїв
(класи впорядковані за зростанням важливості):
{k3,k8,k11} < {k4,k5,k12} < {k1,k2,k6,k7,k9,k10} 