 8  8 10  1  3  2  1  9  4  6  5  9 
 8  6  9  1  3  2  1  6  4  1  5  6 
 6  4  4  1  3  2  1  4  4  1  5  5 
 5  4  4  1  2  2  1  2  4  1  4  5 
 8  8 10  9  8  6  2  9  4 10  5  9 
 8  7  7  8  6  5  2  4  2  5  2  9 
 2  4  6  4  2  5  2  3  1  5  2  9 
 2  4  6  4  2  4  2  3  1  4  2  8 
 6 10  6  6  7  5  3 10  6  5 10  9 
10 10  6  6 10  8  3 10  6  6 10  9 
 2  1  6  4  2  2  2  3  1  4  2  8 
 5  2 10  4  3  2  8  6  4  4 10  8 
 5  2  6  4  1  2  1  6  4  2  7  3 
 9  2  6  4  1  6  5  8  4 10  7  3 
 9  6  9  4  9  6  8  8  4 10  7  9 
 9  6  9  4  9  6  8  9  4 10  7  9 
 8  3  2  1  6  6  8  3  4 10  7  9 
 8  1  2  1  6  4  8  3  1  2  3  4 
 8 10  6  9  7  5  8 10  6  7 10  9 
10 10  6  9  7 10  8 10  8  7 10  9 
Відношення строгого порядку на мн-ні критеріїв
(впорядкування за спаданням важливості):
k9>k11>k4>k1>k5>k6>k12>k3>k2>k8>k10>k7
Відношення квазіпорядку на мн-ні критеріїв
(класи впорядковані за зростанням важливості):
{k2,k4,k6,k9} < {k7,k8,k11} < {k1,k3,k5,k10,k12} 