Relation #1
0 1 1 0 0 1 1 0 0 1 1 0 1 1 0 
0 0 0 1 0 1 0 0 1 1 1 1 0 0 0 
0 0 0 0 0 0 0 1 0 1 0 0 0 0 1 
0 0 1 0 1 1 1 1 0 1 1 0 0 1 1 
0 0 0 0 0 1 0 1 1 1 0 0 0 1 0 
0 0 1 0 0 0 1 1 0 1 1 1 0 1 0 
0 0 1 0 0 0 0 1 1 1 1 1 1 1 0 
0 0 0 0 0 0 0 0 0 1 1 0 0 1 0 
0 0 1 0 0 0 0 0 0 1 1 0 0 1 1 
0 0 0 0 0 0 0 0 0 0 0 0 0 1 0 
0 0 0 0 0 0 0 0 0 0 0 1 1 0 0 
0 0 0 0 0 0 0 0 0 1 0 0 1 1 0 
0 0 0 0 0 0 0 0 0 0 0 0 0 1 1 
0 0 0 0 0 0 0 0 0 0 0 0 0 0 1 
0 0 0 0 0 0 0 0 0 0 0 0 0 0 0 

Relation #1 is acyclic. Neumann-Morgenstern optimization will be used.
S0: {0}
S1: {0, 1}
S2: {0, 1, 3}
S3: {0, 1, 3, 4}
S4: {0, 1, 3, 4, 5}
S5: {0, 1, 3, 4, 5, 6}
S6: {0, 1, 3, 4, 5, 6, 8}
S7: {0, 1, 2, 3, 4, 5, 6, 8}
S8: {0, 1, 2, 3, 4, 5, 6, 7, 8}
S9: {0, 1, 2, 3, 4, 5, 6, 7, 8, 10}
S10: {0, 1, 2, 3, 4, 5, 6, 7, 8, 10, 11}
S11: {0, 1, 2, 3, 4, 5, 6, 7, 8, 9, 10, 11, 12}
S12: {0, 1, 2, 3, 4, 5, 6, 7, 8, 9, 10, 11, 12, 13}
S13: {0, 1, 2, 3, 4, 5, 6, 7, 8, 9, 10, 11, 12, 13, 14}

Q0: {0}
Q1: {0}
Q2: {0, 3}
Q3: {0, 3}
Q4: {0, 3}
Q5: {0, 3}
Q6: {0, 8, 3}
Q7: {0, 8, 3}
Q8: {0, 8, 3}
Q9: {0, 8, 3}
Q10: {0, 8, 3, 11}
Q11: {0, 8, 3, 11}
Q12: {0, 8, 3, 11}
Q13: {0, 8, 3, 11}

Neumann-Morgenstern solution: {0, 8, 3, 11}
Internal stability: True
External stability: True

Relation #2
0 1 1 0 1 1 1 0 0 0 1 1 1 0 1 
0 0 1 0 1 0 0 0 1 1 1 0 0 0 0 
0 0 0 1 0 1 1 0 1 0 0 1 1 0 1 
0 0 0 0 0 1 1 1 1 1 0 1 1 1 0 
0 0 1 0 0 1 1 0 0 0 1 1 0 1 1 
0 0 0 0 0 0 0 0 1 1 1 0 0 0 1 
0 0 0 0 0 0 0 1 0 1 0 1 1 1 0 
0 0 0 0 0 1 0 0 1 1 1 1 1 0 0 
0 0 0 0 0 0 0 0 0 0 0 1 0 1 1 
0 0 0 0 0 0 0 0 1 0 1 1 1 1 0 
0 0 0 0 0 0 0 0 0 0 0 0 0 0 1 
0 0 0 0 0 0 0 0 0 0 1 0 1 0 1 
0 0 0 0 0 0 0 0 0 0 1 0 0 0 1 
0 0 0 0 0 0 0 0 0 0 1 1 0 0 1 
0 0 0 0 0 0 0 0 0 0 0 0 0 0 0 

Relation #2 is acyclic. Neumann-Morgenstern optimization will be used.
S0: {0}
S1: {0, 1}
S2: {0, 1, 4}
S3: {0, 1, 2, 4}
S4: {0, 1, 2, 3, 4}
S5: {0, 1, 2, 3, 4, 6}
S6: {0, 1, 2, 3, 4, 6, 7}
S7: {0, 1, 2, 3, 4, 5, 6, 7}
S8: {0, 1, 2, 3, 4, 5, 6, 7, 9}
S9: {0, 1, 2, 3, 4, 5, 6, 7, 8, 9}
S10: {0, 1, 2, 3, 4, 5, 6, 7, 8, 9, 13}
S11: {0, 1, 2, 3, 4, 5, 6, 7, 8, 9, 11, 13}
S12: {0, 1, 2, 3, 4, 5, 6, 7, 8, 9, 11, 12, 13}
S13: {0, 1, 2, 3, 4, 5, 6, 7, 8, 9, 10, 11, 12, 13}
S14: {0, 1, 2, 3, 4, 5, 6, 7, 8, 9, 10, 11, 12, 13, 14}

Q0: {0}
Q1: {0}
Q2: {0}
Q3: {0}
Q4: {0, 3}
Q5: {0, 3}
Q6: {0, 3}
Q7: {0, 3}
Q8: {0, 3}
Q9: {0, 3}
Q10: {0, 3}
Q11: {0, 3}
Q12: {0, 3}
Q13: {0, 3}
Q14: {0, 3}

Neumann-Morgenstern solution: {0, 3}
Internal stability: True
External stability: True

Relation #3
0 1 1 0 0 1 1 0 1 1 0 1 1 0 1 
0 0 1 0 0 1 0 0 1 0 1 0 1 0 0 
0 0 0 1 0 1 1 0 1 1 0 1 1 0 1 
0 0 0 0 1 0 1 1 0 0 1 1 1 0 0 
0 0 0 0 0 0 1 1 1 1 0 1 1 1 0 
0 0 0 1 1 0 1 1 0 1 0 0 1 1 0 
0 0 0 0 0 0 0 1 0 0 0 1 1 0 1 
0 0 0 0 0 0 0 0 1 1 1 1 0 1 0 
0 0 0 0 0 0 0 0 0 0 0 1 1 1 0 
0 0 0 0 0 0 0 0 1 0 0 1 0 0 0 
0 0 0 0 0 0 0 0 0 0 0 1 0 1 0 
0 0 0 0 0 0 0 0 0 0 0 0 0 1 0 
0 0 0 0 0 0 0 0 0 0 1 0 0 1 1 
0 0 0 0 0 0 0 0 0 0 0 0 0 0 1 
0 0 0 0 0 0 0 0 0 0 0 0 0 0 0 

Relation #3 is acyclic. Neumann-Morgenstern optimization will be used.
S0: {0}
S1: {0, 1}
S2: {0, 1, 2}
S3: {0, 1, 2, 5}
S4: {0, 1, 2, 3, 5}
S5: {0, 1, 2, 3, 4, 5}
S6: {0, 1, 2, 3, 4, 5, 6}
S7: {0, 1, 2, 3, 4, 5, 6, 7}
S8: {0, 1, 2, 3, 4, 5, 6, 7, 9}
S9: {0, 1, 2, 3, 4, 5, 6, 7, 8, 9}
S10: {0, 1, 2, 3, 4, 5, 6, 7, 8, 9, 12}
S11: {0, 1, 2, 3, 4, 5, 6, 7, 8, 9, 10, 12}
S12: {0, 1, 2, 3, 4, 5, 6, 7, 8, 9, 10, 11, 12}
S13: {0, 1, 2, 3, 4, 5, 6, 7, 8, 9, 10, 11, 12, 13}
S14: {0, 1, 2, 3, 4, 5, 6, 7, 8, 9, 10, 11, 12, 13, 14}

Q0: {0}
Q1: {0}
Q2: {0}
Q3: {0}
Q4: {0, 3}
Q5: {0, 3}
Q6: {0, 3}
Q7: {0, 3}
Q8: {0, 3}
Q9: {0, 3}
Q10: {0, 3}
Q11: {0, 3}
Q12: {0, 3}
Q13: {0, 3, 13}
Q14: {0, 3, 13}

Neumann-Morgenstern solution: {0, 3, 13}
Internal stability: True
External stability: True

Relation #4
0 0 0 0 0 0 0 1 0 1 0 0 1 1 1 
1 0 0 1 0 1 0 1 1 1 0 1 1 1 0 
0 1 0 1 0 1 0 0 0 1 0 1 0 0 0 
1 0 0 0 0 0 1 1 1 1 0 1 0 0 1 
0 0 0 1 0 1 0 1 0 0 1 0 0 1 0 
1 0 0 0 0 0 1 1 0 1 0 1 1 1 0 
1 0 0 0 0 0 0 1 0 1 1 0 0 1 0 
0 0 0 0 0 0 0 0 1 1 0 1 0 0 1 
0 0 0 0 0 0 0 0 0 0 0 1 1 0 1 
0 0 0 0 0 0 0 0 1 0 1 0 1 1 1 
0 0 0 0 0 0 0 0 0 0 0 1 1 0 0 
0 0 0 0 0 0 0 0 0 0 0 0 0 1 1 
0 0 0 0 0 0 0 0 0 0 0 0 0 0 0 
0 0 0 0 0 0 0 0 0 0 0 0 1 0 0 
0 0 0 0 0 0 0 0 0 0 0 0 1 1 0 

Relation #4 is acyclic. Neumann-Morgenstern optimization will be used.
S0: {2, 4}
S1: {1, 2, 4}
S2: {1, 2, 3, 4, 5}
S3: {1, 2, 3, 4, 5, 6}
S4: {0, 1, 2, 3, 4, 5, 6}
S5: {0, 1, 2, 3, 4, 5, 6, 7}
S6: {0, 1, 2, 3, 4, 5, 6, 7, 9}
S7: {0, 1, 2, 3, 4, 5, 6, 7, 8, 9, 10}
S8: {0, 1, 2, 3, 4, 5, 6, 7, 8, 9, 10, 11}
S9: {0, 1, 2, 3, 4, 5, 6, 7, 8, 9, 10, 11, 14}
S10: {0, 1, 2, 3, 4, 5, 6, 7, 8, 9, 10, 11, 13, 14}
S11: {0, 1, 2, 3, 4, 5, 6, 7, 8, 9, 10, 11, 12, 13, 14}

Q0: {2, 4}
Q1: {2, 4}
Q2: {2, 4}
Q3: {2, 4, 6}
Q4: {2, 4, 6}
Q5: {2, 4, 6}
Q6: {2, 4, 6}
Q7: {8, 2, 4, 6}
Q8: {8, 2, 4, 6}
Q9: {8, 2, 4, 6}
Q10: {8, 2, 4, 6}
Q11: {8, 2, 4, 6}

Neumann-Morgenstern solution: {8, 2, 4, 6}
Internal stability: True
External stability: True

Relation #5
0 0 1 0 0 1 1 1 0 1 0 1 1 0 0 
0 0 1 1 0 1 0 0 0 1 1 1 0 0 0 
0 0 0 1 0 0 1 1 0 0 0 0 0 0 1 
0 0 0 0 0 0 0 0 1 1 0 0 0 0 0 
1 1 1 1 0 1 0 1 1 1 1 1 0 0 1 
0 0 0 1 0 0 0 1 1 0 0 1 0 0 0 
0 0 0 1 0 0 0 1 1 0 0 0 0 0 0 
0 0 0 0 0 0 0 0 1 1 0 0 1 0 0 
0 0 0 0 0 0 0 0 0 0 0 1 1 0 0 
0 0 0 0 0 0 0 0 1 0 0 1 1 1 1 
1 0 0 1 0 0 0 1 1 1 0 0 1 1 0 
0 0 0 0 0 0 0 0 0 0 0 0 1 0 0 
0 0 0 0 0 0 0 0 0 0 0 0 0 0 0 
0 0 0 0 0 0 0 0 1 0 0 1 0 0 1 
0 0 0 0 0 0 0 0 0 0 0 0 1 0 0 

Relation #5 is acyclic. Neumann-Morgenstern optimization will be used.
S0: {4}
S1: {1, 4}
S2: {1, 4, 10}
S3: {0, 1, 4, 10}
S4: {0, 1, 2, 4, 5, 10}
S5: {0, 1, 2, 4, 5, 6, 10}
S6: {0, 1, 2, 3, 4, 5, 6, 7, 10}
S7: {0, 1, 2, 3, 4, 5, 6, 7, 9, 10}
S8: {0, 1, 2, 3, 4, 5, 6, 7, 9, 10, 13}
S9: {0, 1, 2, 3, 4, 5, 6, 7, 8, 9, 10, 13, 14}
S10: {0, 1, 2, 3, 4, 5, 6, 7, 8, 9, 10, 11, 13, 14}
S11: {0, 1, 2, 3, 4, 5, 6, 7, 8, 9, 10, 11, 12, 13, 14}

Q0: {4}
Q1: {4}
Q2: {4}
Q3: {4}
Q4: {4}
Q5: {4, 6}
Q6: {4, 6}
Q7: {4, 6}
Q8: {4, 13, 6}
Q9: {4, 13, 6}
Q10: {4, 13, 6}
Q11: {12, 4, 13, 6}

Neumann-Morgenstern solution: {12, 4, 13, 6}
Internal stability: True
External stability: True

Relation #6
0 1 0 1 0 1 1 1 1 1 1 0 0 0 1 
0 0 0 0 0 0 0 0 0 0 0 0 0 0 0 
0 0 0 0 0 0 0 0 0 0 0 0 0 0 0 
0 0 0 0 0 0 0 0 0 0 0 0 0 0 0 
0 0 0 0 0 0 0 0 0 0 0 0 0 0 0 
0 0 0 0 0 0 0 0 0 0 0 0 0 0 0 
0 1 0 1 0 1 1 1 1 1 1 0 0 0 1 
0 1 0 1 0 1 1 1 1 1 1 0 0 0 1 
0 0 0 0 0 0 0 0 0 0 0 0 0 0 0 
0 0 0 0 0 0 0 0 0 0 0 0 0 0 0 
0 0 0 0 0 0 0 0 0 0 0 0 0 0 0 
0 1 0 1 0 1 1 1 1 1 1 0 0 0 1 
0 1 0 1 0 1 1 1 1 1 1 0 0 0 1 
0 0 0 0 0 0 0 0 0 0 0 0 0 0 0 
0 0 0 0 0 0 0 0 0 0 0 0 0 0 0 

Relation #6 has a cycle. k-optimization will be used.
PIN matrix:
N P N P N P P P P P P N N N P 
  N N N N N     N N N     N N 
N N N N N N N N N N N N N N N 
  N N N N N     N N N     N N 
N N N N N N N N N N N N N N N 
  N N N N N     N N N     N N 
  P N P N P I I P P P     N P 
  P N P N P I I P P P     N P 
  N N N N N     N N N     N N 
  N N N N N     N N N     N N 
  N N N N N     N N N     N N 
N P N P N P P P P P P N N N P 
N P N P N P P P P P P N N N P 
N N N N N N N N N N N N N N N 
  N N N N N     N N N     N N 

k1
1 1 1 1 1 1 1 1 1 1 1 1 1 1 1 
0 1 1 1 1 1 0 0 1 1 1 0 0 1 1 
1 1 1 1 1 1 1 1 1 1 1 1 1 1 1 
0 1 1 1 1 1 0 0 1 1 1 0 0 1 1 
1 1 1 1 1 1 1 1 1 1 1 1 1 1 1 
0 1 1 1 1 1 0 0 1 1 1 0 0 1 1 
0 1 1 1 1 1 1 1 1 1 1 0 0 1 1 
0 1 1 1 1 1 1 1 1 1 1 0 0 1 1 
0 1 1 1 1 1 0 0 1 1 1 0 0 1 1 
0 1 1 1 1 1 0 0 1 1 1 0 0 1 1 
0 1 1 1 1 1 0 0 1 1 1 0 0 1 1 
1 1 1 1 1 1 1 1 1 1 1 1 1 1 1 
1 1 1 1 1 1 1 1 1 1 1 1 1 1 1 
1 1 1 1 1 1 1 1 1 1 1 1 1 1 1 
0 1 1 1 1 1 0 0 1 1 1 0 0 1 1 

k1 max elements: {0, 2, 4, 11, 12, 13}
k1 opt elements: {0, 2, 4, 11, 12, 13}

k2
1 1 1 1 1 1 1 1 1 1 1 1 1 1 1 
0 1 1 1 1 1 0 0 1 1 1 0 0 1 1 
1 1 1 1 1 1 1 1 1 1 1 1 1 1 1 
0 1 1 1 1 1 0 0 1 1 1 0 0 1 1 
1 1 1 1 1 1 1 1 1 1 1 1 1 1 1 
0 1 1 1 1 1 0 0 1 1 1 0 0 1 1 
0 1 1 1 1 1 0 0 1 1 1 0 0 1 1 
0 1 1 1 1 1 0 0 1 1 1 0 0 1 1 
0 1 1 1 1 1 0 0 1 1 1 0 0 1 1 
0 1 1 1 1 1 0 0 1 1 1 0 0 1 1 
0 1 1 1 1 1 0 0 1 1 1 0 0 1 1 
1 1 1 1 1 1 1 1 1 1 1 1 1 1 1 
1 1 1 1 1 1 1 1 1 1 1 1 1 1 1 
1 1 1 1 1 1 1 1 1 1 1 1 1 1 1 
0 1 1 1 1 1 0 0 1 1 1 0 0 1 1 

k2 max elements: {0, 2, 4, 11, 12, 13}
k2 opt elements: {0, 2, 4, 11, 12, 13}

k3
0 1 0 1 0 1 1 1 1 1 1 0 0 0 1 
0 0 0 0 0 0 0 0 0 0 0 0 0 0 0 
0 0 0 0 0 0 0 0 0 0 0 0 0 0 0 
0 0 0 0 0 0 0 0 0 0 0 0 0 0 0 
0 0 0 0 0 0 0 0 0 0 0 0 0 0 0 
0 0 0 0 0 0 0 0 0 0 0 0 0 0 0 
0 1 0 1 0 1 1 1 1 1 1 0 0 0 1 
0 1 0 1 0 1 1 1 1 1 1 0 0 0 1 
0 0 0 0 0 0 0 0 0 0 0 0 0 0 0 
0 0 0 0 0 0 0 0 0 0 0 0 0 0 0 
0 0 0 0 0 0 0 0 0 0 0 0 0 0 0 
0 1 0 1 0 1 1 1 1 1 1 0 0 0 1 
0 1 0 1 0 1 1 1 1 1 1 0 0 0 1 
0 0 0 0 0 0 0 0 0 0 0 0 0 0 0 
0 0 0 0 0 0 0 0 0 0 0 0 0 0 0 

k3 max elements: {0, 6, 7, 11, 12}
k3 opt elements: set()

k4
0 1 0 1 0 1 1 1 1 1 1 0 0 0 1 
0 0 0 0 0 0 0 0 0 0 0 0 0 0 0 
0 0 0 0 0 0 0 0 0 0 0 0 0 0 0 
0 0 0 0 0 0 0 0 0 0 0 0 0 0 0 
0 0 0 0 0 0 0 0 0 0 0 0 0 0 0 
0 0 0 0 0 0 0 0 0 0 0 0 0 0 0 
0 1 0 1 0 1 0 0 1 1 1 0 0 0 1 
0 1 0 1 0 1 0 0 1 1 1 0 0 0 1 
0 0 0 0 0 0 0 0 0 0 0 0 0 0 0 
0 0 0 0 0 0 0 0 0 0 0 0 0 0 0 
0 0 0 0 0 0 0 0 0 0 0 0 0 0 0 
0 1 0 1 0 1 1 1 1 1 1 0 0 0 1 
0 1 0 1 0 1 1 1 1 1 1 0 0 0 1 
0 0 0 0 0 0 0 0 0 0 0 0 0 0 0 
0 0 0 0 0 0 0 0 0 0 0 0 0 0 0 

k4 max elements: {0, 11, 12}
k4 opt elements: set()

Relation #7
0 1 1 1 0 1 1 0 0 1 1 0 0 0 1 
0 0 1 1 1 1 0 0 0 1 0 0 1 1 1 
0 0 0 1 0 1 1 0 0 0 0 1 0 1 0 
0 0 0 0 0 0 1 1 1 0 1 0 0 0 0 
0 0 1 1 0 1 1 1 0 1 0 0 0 0 0 
0 0 0 1 0 0 1 1 1 0 1 0 0 0 0 
0 0 0 0 0 0 0 1 0 1 1 1 0 0 1 
0 0 0 0 0 0 0 0 0 1 1 0 0 0 1 
0 0 0 0 0 0 0 0 0 0 1 1 0 1 1 
0 0 0 0 0 0 0 0 0 0 1 0 0 0 1 
0 0 0 0 0 0 0 0 0 0 0 1 1 0 0 
0 0 0 0 0 0 0 0 0 0 0 0 1 0 1 
0 0 0 0 0 0 0 0 0 0 0 0 0 0 0 
0 0 0 0 0 0 1 1 0 0 0 1 0 0 1 
0 0 0 0 0 0 0 0 0 0 0 0 0 0 0 

Relation #7 is acyclic. Neumann-Morgenstern optimization will be used.
S0: {0}
S1: {0, 1}
S2: {0, 1, 4}
S3: {0, 1, 2, 4}
S4: {0, 1, 2, 4, 5}
S5: {0, 1, 2, 3, 4, 5}
S6: {0, 1, 2, 3, 4, 5, 8}
S7: {0, 1, 2, 3, 4, 5, 8, 13}
S8: {0, 1, 2, 3, 4, 5, 6, 8, 13}
S9: {0, 1, 2, 3, 4, 5, 6, 7, 8, 13}
S10: {0, 1, 2, 3, 4, 5, 6, 7, 8, 9, 13}
S11: {0, 1, 2, 3, 4, 5, 6, 7, 8, 9, 10, 13}
S12: {0, 1, 2, 3, 4, 5, 6, 7, 8, 9, 10, 11, 13}
S13: {0, 1, 2, 3, 4, 5, 6, 7, 8, 9, 10, 11, 12, 13, 14}

Q0: {0}
Q1: {0}
Q2: {0, 4}
Q3: {0, 4}
Q4: {0, 4}
Q5: {0, 4}
Q6: {0, 8, 4}
Q7: {0, 8, 4}
Q8: {0, 8, 4}
Q9: {0, 8, 4}
Q10: {0, 8, 4}
Q11: {0, 8, 4}
Q12: {0, 8, 4}
Q13: {0, 8, 4, 12}

Neumann-Morgenstern solution: {0, 8, 4, 12}
Internal stability: True
External stability: True

Relation #8
0 0 1 0 1 1 0 1 1 0 1 1 1 0 1 
0 0 1 0 1 1 0 1 1 0 1 1 1 0 1 
0 0 1 0 1 1 0 1 1 0 1 1 1 0 1 
0 0 0 0 0 0 0 0 0 0 0 0 0 0 0 
0 0 0 0 0 0 0 0 0 0 0 0 0 0 0 
0 0 0 0 0 0 0 0 0 0 0 0 0 0 0 
0 0 0 0 0 0 0 0 0 0 0 0 0 0 0 
0 0 0 0 0 0 0 0 0 0 0 0 0 0 0 
0 0 0 0 0 0 0 0 0 0 0 0 0 0 0 
0 0 0 0 0 0 0 0 0 0 0 0 0 0 0 
0 0 0 0 0 0 0 0 0 0 0 0 0 0 0 
0 0 1 0 1 1 0 1 1 0 1 1 1 0 1 
0 0 0 0 0 0 0 0 0 0 0 0 0 0 0 
0 0 1 0 1 1 0 1 1 0 1 1 1 0 1 
0 0 0 0 0 0 0 0 0 0 0 0 0 0 0 

Relation #8 has a cycle. k-optimization will be used.
PIN matrix:
N N P N P P N P P N P P P N P 
N N P N P P N P P N P P P N P 
    I N P P N P P N P I P   P 
N N N N N N N N N N N N N N N 
      N N N N N N N N   N   N 
      N N N N N N N N   N   N 
N N N N N N N N N N N N N N N 
      N N N N N N N N   N   N 
      N N N N N N N N   N   N 
N N N N N N N N N N N N N N N 
      N N N N N N N N   N   N 
    I N P P N P P N P I P   P 
      N N N N N N N N   N   N 
N N P N P P N P P N P P P N P 
      N N N N N N N N   N   N 

k1
1 1 1 1 1 1 1 1 1 1 1 1 1 1 1 
1 1 1 1 1 1 1 1 1 1 1 1 1 1 1 
0 0 1 1 1 1 1 1 1 1 1 1 1 0 1 
1 1 1 1 1 1 1 1 1 1 1 1 1 1 1 
0 0 0 1 1 1 1 1 1 1 1 0 1 0 1 
0 0 0 1 1 1 1 1 1 1 1 0 1 0 1 
1 1 1 1 1 1 1 1 1 1 1 1 1 1 1 
0 0 0 1 1 1 1 1 1 1 1 0 1 0 1 
0 0 0 1 1 1 1 1 1 1 1 0 1 0 1 
1 1 1 1 1 1 1 1 1 1 1 1 1 1 1 
0 0 0 1 1 1 1 1 1 1 1 0 1 0 1 
0 0 1 1 1 1 1 1 1 1 1 1 1 0 1 
0 0 0 1 1 1 1 1 1 1 1 0 1 0 1 
1 1 1 1 1 1 1 1 1 1 1 1 1 1 1 
0 0 0 1 1 1 1 1 1 1 1 0 1 0 1 

k1 max elements: {0, 1, 3, 6, 9, 13}
k1 opt elements: {0, 1, 3, 6, 9, 13}

k2
1 1 1 1 1 1 1 1 1 1 1 1 1 1 1 
1 1 1 1 1 1 1 1 1 1 1 1 1 1 1 
0 0 0 1 1 1 1 1 1 1 1 0 1 0 1 
1 1 1 1 1 1 1 1 1 1 1 1 1 1 1 
0 0 0 1 1 1 1 1 1 1 1 0 1 0 1 
0 0 0 1 1 1 1 1 1 1 1 0 1 0 1 
1 1 1 1 1 1 1 1 1 1 1 1 1 1 1 
0 0 0 1 1 1 1 1 1 1 1 0 1 0 1 
0 0 0 1 1 1 1 1 1 1 1 0 1 0 1 
1 1 1 1 1 1 1 1 1 1 1 1 1 1 1 
0 0 0 1 1 1 1 1 1 1 1 0 1 0 1 
0 0 0 1 1 1 1 1 1 1 1 0 1 0 1 
0 0 0 1 1 1 1 1 1 1 1 0 1 0 1 
1 1 1 1 1 1 1 1 1 1 1 1 1 1 1 
0 0 0 1 1 1 1 1 1 1 1 0 1 0 1 

k2 max elements: {0, 1, 3, 6, 9, 13}
k2 opt elements: {0, 1, 3, 6, 9, 13}

k3
0 0 1 0 1 1 0 1 1 0 1 1 1 0 1 
0 0 1 0 1 1 0 1 1 0 1 1 1 0 1 
0 0 1 0 1 1 0 1 1 0 1 1 1 0 1 
0 0 0 0 0 0 0 0 0 0 0 0 0 0 0 
0 0 0 0 0 0 0 0 0 0 0 0 0 0 0 
0 0 0 0 0 0 0 0 0 0 0 0 0 0 0 
0 0 0 0 0 0 0 0 0 0 0 0 0 0 0 
0 0 0 0 0 0 0 0 0 0 0 0 0 0 0 
0 0 0 0 0 0 0 0 0 0 0 0 0 0 0 
0 0 0 0 0 0 0 0 0 0 0 0 0 0 0 
0 0 0 0 0 0 0 0 0 0 0 0 0 0 0 
0 0 1 0 1 1 0 1 1 0 1 1 1 0 1 
0 0 0 0 0 0 0 0 0 0 0 0 0 0 0 
0 0 1 0 1 1 0 1 1 0 1 1 1 0 1 
0 0 0 0 0 0 0 0 0 0 0 0 0 0 0 

k3 max elements: {0, 1, 2, 11, 13}
k3 opt elements: set()

k4
0 0 1 0 1 1 0 1 1 0 1 1 1 0 1 
0 0 1 0 1 1 0 1 1 0 1 1 1 0 1 
0 0 0 0 1 1 0 1 1 0 1 0 1 0 1 
0 0 0 0 0 0 0 0 0 0 0 0 0 0 0 
0 0 0 0 0 0 0 0 0 0 0 0 0 0 0 
0 0 0 0 0 0 0 0 0 0 0 0 0 0 0 
0 0 0 0 0 0 0 0 0 0 0 0 0 0 0 
0 0 0 0 0 0 0 0 0 0 0 0 0 0 0 
0 0 0 0 0 0 0 0 0 0 0 0 0 0 0 
0 0 0 0 0 0 0 0 0 0 0 0 0 0 0 
0 0 0 0 0 0 0 0 0 0 0 0 0 0 0 
0 0 0 0 1 1 0 1 1 0 1 0 1 0 1 
0 0 0 0 0 0 0 0 0 0 0 0 0 0 0 
0 0 1 0 1 1 0 1 1 0 1 1 1 0 1 
0 0 0 0 0 0 0 0 0 0 0 0 0 0 0 

k4 max elements: {0, 1, 13}
k4 opt elements: set()

Relation #9
0 0 0 0 0 0 0 0 0 0 0 0 0 0 0 
0 0 0 0 0 0 0 0 0 0 0 0 0 0 0 
1 1 0 0 1 1 0 1 1 1 0 0 1 0 1 
0 0 0 0 0 0 0 0 0 0 0 0 0 0 0 
0 0 0 0 0 0 0 0 0 0 0 0 0 0 0 
0 0 0 0 0 0 0 0 0 0 0 0 0 0 0 
1 1 0 0 1 1 0 1 1 1 0 0 1 0 1 
1 1 0 0 1 1 0 1 1 1 0 0 1 0 1 
0 0 0 0 0 0 0 0 0 0 0 0 0 0 0 
0 0 0 0 0 0 0 0 0 0 0 0 0 0 0 
0 0 0 0 0 0 0 0 0 0 0 0 0 0 0 
0 0 0 0 0 0 0 0 0 0 0 0 0 0 0 
0 0 0 0 0 0 0 0 0 0 0 0 0 0 0 
1 1 0 0 1 1 0 1 1 1 0 0 1 0 1 
1 1 0 0 1 1 0 1 1 1 0 0 1 0 1 

Relation #9 has a cycle. k-optimization will be used.
PIN matrix:
N N   N N N     N N N N N     
N N   N N N     N N N N N     
P P N N P P N P P P N N P N P 
N N N N N N N N N N N N N N N 
N N   N N N     N N N N N     
N N   N N N     N N N N N     
P P N N P P N P P P N N P N P 
P P   N P P   I P P N N P   I 
N N   N N N     N N N N N     
N N   N N N     N N N N N     
N N N N N N N N N N N N N N N 
N N N N N N N N N N N N N N N 
N N   N N N     N N N N N     
P P N N P P N P P P N N P N P 
P P   N P P   I P P N N P   I 

k1
1 1 0 1 1 1 0 0 1 1 1 1 1 0 0 
1 1 0 1 1 1 0 0 1 1 1 1 1 0 0 
1 1 1 1 1 1 1 1 1 1 1 1 1 1 1 
1 1 1 1 1 1 1 1 1 1 1 1 1 1 1 
1 1 0 1 1 1 0 0 1 1 1 1 1 0 0 
1 1 0 1 1 1 0 0 1 1 1 1 1 0 0 
1 1 1 1 1 1 1 1 1 1 1 1 1 1 1 
1 1 0 1 1 1 0 1 1 1 1 1 1 0 1 
1 1 0 1 1 1 0 0 1 1 1 1 1 0 0 
1 1 0 1 1 1 0 0 1 1 1 1 1 0 0 
1 1 1 1 1 1 1 1 1 1 1 1 1 1 1 
1 1 1 1 1 1 1 1 1 1 1 1 1 1 1 
1 1 0 1 1 1 0 0 1 1 1 1 1 0 0 
1 1 1 1 1 1 1 1 1 1 1 1 1 1 1 
1 1 0 1 1 1 0 1 1 1 1 1 1 0 1 

k1 max elements: {2, 3, 6, 10, 11, 13}
k1 opt elements: {2, 3, 6, 10, 11, 13}

k2
1 1 0 1 1 1 0 0 1 1 1 1 1 0 0 
1 1 0 1 1 1 0 0 1 1 1 1 1 0 0 
1 1 1 1 1 1 1 1 1 1 1 1 1 1 1 
1 1 1 1 1 1 1 1 1 1 1 1 1 1 1 
1 1 0 1 1 1 0 0 1 1 1 1 1 0 0 
1 1 0 1 1 1 0 0 1 1 1 1 1 0 0 
1 1 1 1 1 1 1 1 1 1 1 1 1 1 1 
1 1 0 1 1 1 0 0 1 1 1 1 1 0 0 
1 1 0 1 1 1 0 0 1 1 1 1 1 0 0 
1 1 0 1 1 1 0 0 1 1 1 1 1 0 0 
1 1 1 1 1 1 1 1 1 1 1 1 1 1 1 
1 1 1 1 1 1 1 1 1 1 1 1 1 1 1 
1 1 0 1 1 1 0 0 1 1 1 1 1 0 0 
1 1 1 1 1 1 1 1 1 1 1 1 1 1 1 
1 1 0 1 1 1 0 0 1 1 1 1 1 0 0 

k2 max elements: {2, 3, 6, 10, 11, 13}
k2 opt elements: {2, 3, 6, 10, 11, 13}

k3
0 0 0 0 0 0 0 0 0 0 0 0 0 0 0 
0 0 0 0 0 0 0 0 0 0 0 0 0 0 0 
1 1 0 0 1 1 0 1 1 1 0 0 1 0 1 
0 0 0 0 0 0 0 0 0 0 0 0 0 0 0 
0 0 0 0 0 0 0 0 0 0 0 0 0 0 0 
0 0 0 0 0 0 0 0 0 0 0 0 0 0 0 
1 1 0 0 1 1 0 1 1 1 0 0 1 0 1 
1 1 0 0 1 1 0 1 1 1 0 0 1 0 1 
0 0 0 0 0 0 0 0 0 0 0 0 0 0 0 
0 0 0 0 0 0 0 0 0 0 0 0 0 0 0 
0 0 0 0 0 0 0 0 0 0 0 0 0 0 0 
0 0 0 0 0 0 0 0 0 0 0 0 0 0 0 
0 0 0 0 0 0 0 0 0 0 0 0 0 0 0 
1 1 0 0 1 1 0 1 1 1 0 0 1 0 1 
1 1 0 0 1 1 0 1 1 1 0 0 1 0 1 

k3 max elements: {2, 6, 7, 13, 14}
k3 opt elements: set()

k4
0 0 0 0 0 0 0 0 0 0 0 0 0 0 0 
0 0 0 0 0 0 0 0 0 0 0 0 0 0 0 
1 1 0 0 1 1 0 1 1 1 0 0 1 0 1 
0 0 0 0 0 0 0 0 0 0 0 0 0 0 0 
0 0 0 0 0 0 0 0 0 0 0 0 0 0 0 
0 0 0 0 0 0 0 0 0 0 0 0 0 0 0 
1 1 0 0 1 1 0 1 1 1 0 0 1 0 1 
1 1 0 0 1 1 0 0 1 1 0 0 1 0 0 
0 0 0 0 0 0 0 0 0 0 0 0 0 0 0 
0 0 0 0 0 0 0 0 0 0 0 0 0 0 0 
0 0 0 0 0 0 0 0 0 0 0 0 0 0 0 
0 0 0 0 0 0 0 0 0 0 0 0 0 0 0 
0 0 0 0 0 0 0 0 0 0 0 0 0 0 0 
1 1 0 0 1 1 0 1 1 1 0 0 1 0 1 
1 1 0 0 1 1 0 0 1 1 0 0 1 0 0 

k4 max elements: {2, 13, 6}
k4 opt elements: set()

Relation #10
0 0 0 1 1 0 1 0 1 1 1 0 0 1 1 
1 0 0 0 1 0 0 0 1 0 0 0 1 1 1 
1 0 0 1 0 1 0 1 0 0 1 1 1 0 0 
0 0 0 0 0 1 0 1 0 0 1 1 1 0 1 
0 0 0 0 0 1 1 1 1 1 1 0 1 0 0 
0 0 0 0 0 0 1 1 0 1 0 0 1 1 0 
0 0 0 0 0 0 0 0 1 1 1 0 1 0 1 
0 0 0 0 0 0 0 0 1 1 0 0 1 1 1 
0 0 0 0 0 0 0 0 0 1 1 0 0 0 0 
0 0 0 0 0 0 0 0 0 0 1 0 0 1 0 
0 0 0 0 0 0 0 0 0 0 0 1 0 1 1 
0 0 0 0 0 0 0 0 0 0 0 0 1 0 0 
0 0 0 0 0 0 0 0 0 0 0 0 0 1 1 
0 0 0 0 0 0 0 0 0 0 0 0 0 0 0 
0 0 0 0 0 0 0 0 0 0 0 0 0 1 0 

Relation #10 is acyclic. Neumann-Morgenstern optimization will be used.
S0: {1, 2}
S1: {0, 1, 2}
S2: {0, 1, 2, 3, 4}
S3: {0, 1, 2, 3, 4, 5}
S4: {0, 1, 2, 3, 4, 5, 6, 7}
S5: {0, 1, 2, 3, 4, 5, 6, 7, 8}
S6: {0, 1, 2, 3, 4, 5, 6, 7, 8, 9}
S7: {0, 1, 2, 3, 4, 5, 6, 7, 8, 9, 10}
S8: {0, 1, 2, 3, 4, 5, 6, 7, 8, 9, 10, 11}
S9: {0, 1, 2, 3, 4, 5, 6, 7, 8, 9, 10, 11, 12}
S10: {0, 1, 2, 3, 4, 5, 6, 7, 8, 9, 10, 11, 12, 14}
S11: {0, 1, 2, 3, 4, 5, 6, 7, 8, 9, 10, 11, 12, 13, 14}

Q0: {1, 2}
Q1: {1, 2}
Q2: {1, 2}
Q3: {1, 2}
Q4: {1, 2, 6}
Q5: {1, 2, 6}
Q6: {1, 2, 6}
Q7: {1, 2, 6}
Q8: {1, 2, 6}
Q9: {1, 2, 6}
Q10: {1, 2, 6}
Q11: {1, 2, 6}

Neumann-Morgenstern solution: {1, 2, 6}
Internal stability: True
External stability: True

